Entity,Code,Year,Coal (% of total),Nuclear (Rate),Natural gas (Rate),Oil (Rate),Hydroelectric (Rate),Other renewables (excluding hydro) (Rate)
Albania,ALB,1971,0,0,0,42.8571428571429,57.1428571428571,0
Albania,ALB,1972,0,0,0,37.9310344827586,62.0689655172414,0
Albania,ALB,1973,0,0,0,33.7837837837838,66.2162162162162,0
Albania,ALB,1974,0,0,0,31.5789473684211,68.4210526315789,0
Albania,ALB,1975,0,0,0,28.0898876404494,71.9101123595506,0
Albania,ALB,1976,0,0,0,25.4901960784314,74.5098039215686,0
Albania,ALB,1977,0,0,0,23.4782608695652,76.5217391304348,0
Albania,ALB,1978,0,0,0,22.5806451612903,77.4193548387097,0
Albania,ALB,1979,0,0,0,21.1678832116788,78.8321167883212,0
Albania,ALB,1980,0,0,0,20.5921938088829,79.4078061911171,0
Albania,ALB,1981,0,0,0,18.6666666666667,81.3333333333333,0
Albania,ALB,1982,0,0,0,16.9986719787517,83.0013280212483,0
Albania,ALB,1983,0,0,0,15.3439153439153,84.6560846560847,0
Albania,ALB,1984,0,0,0,26.3115415657789,73.6884584342211,0
Albania,ALB,1985,0,0,0,32.3164918970448,67.6835081029552,0
Albania,ALB,1986,0,0,0,20.4661182922052,79.5338817077947,0
Albania,ALB,1987,0,0,0,23.7770193401593,76.2229806598407,0
Albania,ALB,1988,0,0,0,26.2299196787149,73.7700803212851,0
Albania,ALB,1989,0,0,0,25.3456221198157,74.6543778801843,0
Albania,ALB,1990,0,0,0,13.5922330097087,86.4077669902913,0
Albania,ALB,1991,0,0,0,7.85751702462022,92.1424829753798,0
Albania,ALB,1992,0,0,0,4.94991160872127,95.0500883912787,0
Albania,ALB,1993,0,0,0,6.09237744403514,93.9076225559649,0
Albania,ALB,1994,0,0,0,4.31362598325298,95.686374016747,0
Albania,ALB,1995,0,0,0,6.01386094343841,93.9861390565616,0
Albania,ALB,1996,0,0,0,4.27950518221331,95.7204948177867,0
Albania,ALB,1997,0,0,0,3.82555470543229,96.1744452945677,0
Albania,ALB,1998,0,0,0,3.67978077901742,96.3202192209826,0
Albania,ALB,1999,0,0,0,2.67084177564929,97.3291582243507,0
Albania,ALB,2000,0,0,0,3.8509836751779,96.1490163248221,0
Albania,ALB,2001,0,0,0,4.6916890080429,95.3083109919571,0
Albania,ALB,2002,0,0,0,6.04601391118245,93.9539860888176,0
Albania,ALB,2003,0,0,0,2.14342948717949,97.8565705128205,0
Albania,ALB,2004,0,0,0,2.49732429539779,97.5026757046022,0
Albania,ALB,2005,0,0,0,1.28605548410803,98.713944515892,0
Albania,ALB,2006,0,0,0,1.68356263577118,98.3164373642288,0
Albania,ALB,2007,0,0,0,2.51748251748252,97.4825174825175,0
Albania,ALB,2008,0,0,0,0,100,0
Albania,ALB,2009,0,0,0,0.0192233756247597,99.9807766243752,0
Albania,ALB,2010,0,0,0,0.0132135306553911,99.9867864693446,0
Albania,ALB,2011,0,0,0,1.4077785731329,98.5922214268671,0
Albania,ALB,2012,0,0,0,0,100,0
Albania,ALB,2013,0,0,0,0,100,0
Albania,ALB,2014,0,0,0,0,100,0
Albania,ALB,2015,0,,0,0,100,0
Algeria,DZA,1971,0,0,38.8515029161059,46.3436518618214,14.8048452220727,0
Algeria,DZA,1972,0,0,50.5336617405583,29.1461412151067,20.320197044335,0
Algeria,DZA,1973,0,0,54.9536707056308,18.2466143977192,26.79971489665,0
Algeria,DZA,1974,0,0,67.1121251629726,16.6883963494133,16.1994784876141,0
Algeria,DZA,1975,0,0,66.0055096418733,24.9586776859504,9.03581267217631,0
Algeria,DZA,1976,0,0,67.7449822904368,23.0696576151122,9.185360094451,0
Algeria,DZA,1977,0,0,70.1682484900777,24.0293356341674,5.80241587575496,0
Algeria,DZA,1978,0,0,76.0583941605839,19.3795620437956,4.56204379562044,0
Algeria,DZA,1979,0,0,83.1544563695754,12.3191787214186,4.52636490900607,0
Algeria,DZA,1980,0,0,84.1499368243717,12.2420328513267,3.60803032430156,0
Algeria,DZA,1981,0,0,83.4684352738885,12.0363547040039,4.49521002210759,0
Algeria,DZA,1982,0,0,82.2903363133248,12.6117496807152,5.09791400595998,0
Algeria,DZA,1983,0,0,85.9757291055001,11.724407907614,2.29986298688589,0
Algeria,DZA,1984,0,0,85.4408871400465,10.5169021641925,4.04221069576105,0
Algeria,DZA,1985,0,0,85.400032589213,9.33680951605019,5.26315789473684,0
Algeria,DZA,1986,0,0,88.8452353439643,9.22887296818427,1.92589168785148,0
Algeria,DZA,1987,0,0,87.4312215060525,8.64643923911335,3.92233925483415,0
Algeria,DZA,1988,0,0,90.7632822569096,7.92639266790778,1.31032507518259,0
Algeria,DZA,1989,0,0,91.1772383189768,7.347950926651,1.47481075437223,0
Algeria,DZA,1990,0,0,93.734475906607,5.42722305017387,0.838301043219076,0
Algeria,DZA,1991,0,0,93.9925050446815,4.31824733352551,1.68924762179302,0
Algeria,DZA,1992,0,0,94.6789893907908,4.23274636333807,1.08826424587116,0
Algeria,DZA,1993,0,0,94.9520964252601,3.22962810343051,1.81827547130936,0
Algeria,DZA,1994,0,0,95.3980787607504,3.76703716742946,0.834884071820148,0
Algeria,DZA,1995,0,0,95.6987065686026,3.32234339335531,0.9789500380421,0
Algeria,DZA,1996,0,0,95.7441657790259,3.60220780478358,0.653626416190568,0
Algeria,DZA,1997,0,0,95.8040656835838,3.84704842536168,0.348885891054566,0
Algeria,DZA,1998,0,0,95.6280629352592,3.44768291634425,0.924254148396527,0
Algeria,DZA,1999,0,0,96.4454497717817,2.73458011875429,0.81997010946399,0
Algeria,DZA,2000,0,0,96.745631984889,3.04186998268535,0.212498032425626,0
Algeria,DZA,2001,0,0,96.8300469483568,2.91079812206573,0.259154929577465,0
Algeria,DZA,2002,0,0,97.6345486111111,2.15928819444444,0.206163194444444,0
Algeria,DZA,2003,0,0,96.7806296709614,2.32322207568226,0.896148253356329,0
Algeria,DZA,2004,0,0,96.9984,2.1984,0.8032,0
Algeria,DZA,2005,0,0,96.24944714728,2.1141088014153,1.63644405130473,0
Algeria,DZA,2006,0,0,97.2520297507523,2.12910918071879,0.618861068528928,0
Algeria,DZA,2007,0,0,97.2577696526508,2.13463813313259,0.607592214216582,0
Algeria,DZA,2008,0,0,97.3282632468436,1.96838651953474,0.703350233621632,0
Algeria,DZA,2009,0,0,97.6286330225189,1.57658242643048,0.794784551050622,0
Algeria,DZA,2010,0,0,97.5116980802029,2.10784099357152,0.380460926225565,0
Algeria,DZA,2011,0,0,96.9350304544745,2.08496017491801,0.980009370607528,0
Algeria,DZA,2012,0,0,97.0712755022039,1.8450441660714,1.08368033172465,0
Algeria,DZA,2013,0,0,97.9428953080648,1.50609450659542,0.55101018533979,0
Algeria,DZA,2014,0,0,98.6115002646244,0.993119765885247,0.395379969490365,0
Algeria,DZA,2015,0,,98.357510392744,1.31980580830838,0.210761940754092,0.111921858193552
Angola,AGO,1971,0,0,0,18.4636118598383,81.5363881401617,0
Angola,AGO,1972,0,0,0,18.854415274463,81.145584725537,0
Angola,AGO,1973,0,0,0,17.2764227642276,82.7235772357724,0
Angola,AGO,1974,0,0,0,30.1871440195281,69.8128559804719,0
Angola,AGO,1975,0,0,0,27.2030651340996,72.7969348659004,0
Angola,AGO,1976,0,0,0,26.8376068376068,73.1623931623932,0
Angola,AGO,1977,0,0,0,26.8376068376068,73.1623931623932,0
Angola,AGO,1978,0,0,0,9.74358974358974,90.2564102564103,0
Angola,AGO,1979,0,0,0,11.9047619047619,88.0952380952381,0
Angola,AGO,1980,0,0,0,11.8518518518519,88.1481481481482,0
Angola,AGO,1981,0,0,0,11.8518518518519,88.1481481481482,0
Angola,AGO,1982,0,0,0,12.3611111111111,87.6388888888889,0
Angola,AGO,1983,0,0,0,26.1813537675607,73.8186462324393,0
Angola,AGO,1984,0,0,0,10.2985074626866,89.7014925373134,0
Angola,AGO,1985,0,0,0,13.0272952853598,86.9727047146402,0
Angola,AGO,1986,0,0,0,13.0272952853598,86.9727047146402,0
Angola,AGO,1987,0,0,0,13.4567901234568,86.5432098765432,0
Angola,AGO,1988,0,0,0,13.9877300613497,86.0122699386503,0
Angola,AGO,1989,0,0,0,13.3089133089133,86.6910866910867,0
Angola,AGO,1990,0,0,0,13.7931034482759,86.2068965517241,0
Angola,AGO,1991,0,0,0,17.3447537473233,82.6552462526767,0
Angola,AGO,1992,0,0,0,11.29883843717,88.70116156283,0
Angola,AGO,1993,0,0,0,6.31578947368421,93.6842105263158,0
Angola,AGO,1994,0,0,0,6.282722513089,93.717277486911,0
Angola,AGO,1995,0,0,0,6.25,93.75,0
Angola,AGO,1996,0,0,0,10.0194552529183,89.9805447470817,0
Angola,AGO,1997,0,0,0,23.6474694589878,76.3525305410122,0
Angola,AGO,1998,0,0,0,19.5751138088012,80.4248861911988,0
Angola,AGO,1999,0,0,0,33.0337078651685,66.9662921348315,0
Angola,AGO,2000,0,0,0,36.8858131487889,63.1141868512111,0
Angola,AGO,2001,0,0,0,37.9120879120879,62.0879120879121,0
Angola,AGO,2002,0,0,0,35.2407932011331,64.7592067988669,0
Angola,AGO,2003,0,0,0,37.7944862155388,62.2055137844612,0
Angola,AGO,2004,0,0,0,21.594982078853,78.405017921147,0
Angola,AGO,2005,0,0,0,20.3517587939699,79.6482412060301,0
Angola,AGO,2006,0,0,0,19.3889897156685,80.6110102843315,0
Angola,AGO,2007,0,0,0,22.3811004041032,77.6188995958968,0
Angola,AGO,2008,0,0,0,24.5909528392685,75.4090471607315,0
Angola,AGO,2009,0,0,0,34.6568109820486,65.3431890179514,0
Angola,AGO,2010,0,0,0,32.0425766195632,67.9574233804368,0
Angola,AGO,2011,0,0,0,29.0921960714918,70.9078039285082,0
Angola,AGO,2012,0,0,0,39.2005157962605,60.7994842037395,0
Angola,AGO,2013,0,0,0,41.9790652385589,58.0209347614411,0
Angola,AGO,2014,0,0,0,46.8248945147679,53.1751054852321,0
Angola,AGO,2015,0,,0,46.8250716919295,53.1749283080705,0
Arab World,,1971,1.16864736343805,0,22.1129398508521,44.4504731689448,31.5116054545282,0
Arab World,,1972,2.29708352846147,0,24.3608122545396,42.4477582353983,30.1380118193638,0
Arab World,,1973,2.43310623845991,0,28.0591594275997,42.9592436489648,25.7921565227388,0
Arab World,,1974,2.39157679533718,0,28.2574413428684,41.5316405206119,27.0630071789457,0
Arab World,,1975,2.63117480048283,0,28.7659379532607,42.6486297480952,25.1979233359244,0
Arab World,,1976,2.26907832656626,0,32.5752345201241,39.8268470577119,24.5725059333609,0
Arab World,,1977,1.95608751935342,0,30.984291636161,42.1198501047693,24.1834365774795,0
Arab World,,1978,1.73222719719696,0,33.3421709895963,42.5868839278003,21.5823837231696,0
Arab World,,1979,1.03418013666117,0,35.8200319660535,43.8574473831699,18.5320063518786,0
Arab World,,1980,1.01231649402846,0,43.4880071955242,38.6275012892642,16.1158408589463,0
Arab World,,1981,1.03664126062851,0,41.2714968779994,42.7709863269018,14.1645413722334,0
Arab World,,1982,0.83621396992488,0,38.9123211469151,47.2483291596037,12.2468015613195,0
Arab World,,1983,0.915870179919954,0,39.3992042134627,48.7378570450806,10.1907343993,0
Arab World,,1984,0.738702150756711,0,41.5198721176711,47.7545417395462,9.23054982978918,0
Arab World,,1985,0.614335631481157,0,42.6351076274606,47.8408502949242,8.1533722838972,0
Arab World,,1986,1.05708907081532,0,42.4781838937,48.1030845868824,7.60530828636539,0
Arab World,,1987,1.27087240893116,0,42.14412695818,47.9259489583464,7.90271751230555,0
Arab World,,1988,1.1287032545777,0,43.2355334782685,47.5170295004004,7.36239960451653,0
Arab World,,1989,0.817177323588579,0,45.2372510507089,45.6797166288501,7.50952083461557,0
Arab World,,1990,0.878220367539574,0,47.9432091783946,35.9280269980826,7.19807199977056,0.000397025482612827
Arab World,,1991,0.722370956946199,0,47.3188777122516,36.7219821764329,6.65010884263576,0.000397781363957158
Arab World,,1992,0.594013286364151,0,48.4013991464775,35.8359526260503,5.73180086572603,0.000356123073359803
Arab World,,1993,0.829170254927178,0,51.4690672442075,32.3801614936947,5.35182789393234,0.000327088857959439
Arab World,,1994,0.909064491204378,0,51.927137545062,31.9766064817959,5.28513634249897,0.000309416096393593
Arab World,,1995,1.76742232536419,0,51.7527791893504,31.5257441990062,5.04728195227579,0.000296149853445743
Arab World,,1996,1.66950805258984,0,52.080274184065,31.04036852585,5.2646147177812,0.00028110928651117
Arab World,,1997,1.70021081454868,0,51.2224686818207,32.4473935507426,5.13594839528354,0.000796600412876157
Arab World,,1998,1.83769081026503,0,49.1975801555375,34.4950698988935,4.77622531254643,0.000737830892772363
Arab World,,1999,1.61003453058675,0,50.7410260016664,34.2500585369594,4.8147210962451,0.00629283907438366
Arab World,,2000,1.92316475573276,0,51.0907559251247,34.5278470724391,4.38936134503233,0.0497049299272842
Arab World,,2001,2.40139919478956,0,55.0380310684151,32.0013935311835,4.49702696534352,0.0947024856438188
Arab World,,2002,2.23476231614561,0,55.5904160102666,33.197387414932,3.65106258058486,0.0846015776538584
Arab World,,2003,2.16698809536645,0,56.7999464081284,32.6112253221678,3.81062394712385,0.113042609348961
Arab World,,2004,2.17809175070905,0,57.9209905673018,31.6342642767731,3.75890025354014,0.134836736704171
Arab World,,2005,2.03740314217249,0,60.5437284686299,27.5042222626921,4.32286023693058,0.129308124960755
Arab World,,2006,1.94130455630543,0,61.4616541037026,26.5195262787809,3.97078183544413,0.127293726138148
Arab World,,2007,1.76274005201624,0,61.2486014027772,26.9734462948687,3.96372413879962,0.164995978217142
Arab World,,2008,1.53361331831582,0,61.6241127287519,27.1717301872521,3.17926904335477,0.165959527329323
Arab World,,2009,1.35993786399866,0,61.1128258885623,24.3444276013238,3.10696289318962,0.204184723941989
Arab World,,2010,1.23553279590234,0,61.7602660860604,22.8497384012294,3.54752325596881,0.285971376927516
Arab World,,2011,1.28616709146489,0,61.7795203475993,22.9708407346772,3.24906136651157,0.282033900268994
Arab World,,2012,1.23565131597756,0,61.3309735964376,24.1785779433422,3.21002534852469,0.25388382301968
Arab World,,2013,1.20975636697385,0,63.0350443483141,22.8127066597771,3.39073692282828,0.35538478810354
Arab World,,2014,1.48465707581122,0,61.5925258712412,23.1662068182909,2.83490847880908,0.418328270760565
Arab World,,2015,1.51919649198532,,64.0714218284369,20.5098184498828,2.43845551579809,0.454258660053111
Argentina,ARG,1971,3.08584490348798,0,22.9258381307145,67.2113105316627,6.53572637995259,0.241280054182188
Argentina,ARG,1972,2.43025369477594,0,23.1881767169841,68.145894254327,5.94325456413499,0.292420769777918
Argentina,ARG,1973,2.36675293499869,0,24.5414650613255,61.648100221297,11.2298863508496,0.2137954315292
Argentina,ARG,1974,2.4257602862254,3.70661896243292,23.3023255813954,52.3685152057245,17.9892665474061,0.207513416815742
Argentina,ARG,1975,2.2151790887094,8.57785502504856,24.8815731179498,46.3892580854037,17.724840677504,0.211294005384589
Argentina,ARG,1976,2.07505957108817,8.51204659782896,25.6685199894096,46.9651840084723,16.5905480540111,0.188641779189833
Argentina,ARG,1977,1.65057230123716,5.05044272359856,24.7986918828865,50.5229383272144,17.7891586709036,0.188196094159751
Argentina,ARG,1978,2.26117126278639,8.66184123945684,19.898905305976,45.809654842376,23.1859783453969,0.182449004007896
Argentina,ARG,1979,1.80654074015037,7.15177598894822,19.7019207778752,42.772508700619,28.3201827794161,0.247071012991153
Argentina,ARG,1980,2.06266055507984,5.89331587165668,22.0218606759684,31.6400543998388,38.140331436055,0.2417770614013
Argentina,ARG,1981,2.30181003630372,7.25044414119828,22.4259120986637,29.9956229563068,37.809933314452,0.216277453075517
Argentina,ARG,1982,1.83773755202327,4.68836183121897,25.6581256581257,23.434287720002,44.1082083939227,0.273278844707416
Argentina,ARG,1983,2.09287724112271,7.91805222891426,24.4215519847453,22.3868102225426,42.8318954491547,0.348812873520452
Argentina,ARG,1984,1.29208735489036,10.3211315215941,24.5652270604457,19.3991015433883,44.2111817817907,0.211270737890851
Argentina,ARG,1985,1.34099193637468,12.7383187893516,27.4472550535734,12.6057660444052,45.6113995360654,0.256268640229758
Argentina,ARG,1986,2.0672203742628,11.6543885068261,27.0779340040406,16.1092178029917,42.872885333551,0.218353978327857
Argentina,ARG,1987,1.95238186744557,12.4233747766099,24.0800169103941,19.3662445473587,41.9704452429908,0.207536655200907
Argentina,ARG,1988,3.0356390919879,11.0975002871033,40.3341882632163,16.527581058837,28.7734946215978,0.231596677257589
Argentina,ARG,1989,1.71249826770406,9.97604482191998,48.1459484072776,14.2622399081388,25.6676763477262,0.235592247233276
Argentina,ARG,1990,1.30074891604257,14.3496255419787,39.1643673630272,9.74379188017343,35.2305873078439,0.210878990934174
Argentina,ARG,1991,1.72687093224922,14.4639427111501,39.1641646308487,14.2084553270052,30.2500792570352,0.186487141711579
Argentina,ARG,1992,1.49245718580555,12.6715699432723,37.2559546178486,13.7094898087006,34.6879977094182,0.182530734954636
Argentina,ARG,1993,1.91633103806678,12.5860724957776,35.6941015980252,10.8694946082889,38.7602312589321,0.173769000909445
Argentina,ARG,1994,3.63991504797929,12.7660563969802,33.9281008262669,7.06434960546917,42.4155518005798,0.186026322724666
Argentina,ARG,1995,2.8471237782586,10.5439080802805,39.5538312318138,6.84175184660151,40.0387972841901,0.17458777885548
Argentina,ARG,1996,2.75091123037626,10.7037281519961,46.5100594093505,6.63547914932698,32.8789139855925,0.520908073357633
Argentina,ARG,1997,2.6224791833799,11.0113696091178,44.1547484024454,2.82442114581316,38.74934299704,0.637638662203657
Argentina,ARG,1998,2.44284710587472,10.0699886504891,45.9493055180241,5.1478138680214,35.7171809976761,0.672863859914609
Argentina,ARG,1999,2.61722196676899,8.83094933326705,56.4964519616737,4.76095790821082,26.5848111648253,0.709607665254079
Argentina,ARG,2000,2.00314925205264,6.94747497469351,54.6473962433922,3.24260488134068,32.3630637723541,0.79631087616691
Argentina,ARG,2001,1.51140209732009,7.83332408589025,47.711257837208,1.11413194251789,41.0841702269323,0.745713810131499
Argentina,ARG,2002,0.960297443548483,6.8925911453708,47.6845109113945,0.898724734467692,42.4496465489681,1.11422921625046
Argentina,ARG,2003,1.01814625665544,8.22123220688906,51.7103118548299,1.09855481908073,36.7412800173856,1.21047484515919
Argentina,ARG,2004,1.67523586082963,7.8560375380622,54.8015773972945,4.03234662806369,30.389856736385,1.24494583936505
Argentina,ARG,2005,2.06652700230351,6.51524774625323,52.4461802428643,5.44691016295229,32.23402944327,1.2911054023566
Argentina,ARG,2006,1.86583574282533,7.1966613330339,46.2903180529433,7.51948647409445,35.5107655166606,1.61693288044241
Argentina,ARG,2007,2.17939766326863,6.7188009123493,51.0468742726807,10.2127263417586,28.2707256900805,1.57147511986222
Argentina,ARG,2008,1.59287523436729,6.027762244663,54.2186112298938,11.8170454919246,25.0131574619256,1.33054833722575
Argentina,ARG,2009,1.43948031069809,6.69378849892141,51.2299149435281,11.7094136270803,27.7774588046162,1.14994381515596
Argentina,ARG,2010,2.40533916639391,5.72475511523754,49.9820377924846,13.3024117257291,26.8131850586366,1.77227114151825
Argentina,ARG,2011,2.83586121724364,4.91760256261819,44.818802825055,15.1217629578171,30.6425842306356,1.66338620663039
Argentina,ARG,2012,2.9205099279642,4.71513784128529,48.3141262432996,14.7890906677874,27.2320408178313,2.02909450183223
Argentina,ARG,2013,2.54892937775924,4.45998088682269,47.2353643279311,14.2682523476035,29.3691309912423,2.11535972619681
Argentina,ARG,2014,2.21728366463494,4.07475576950304,48.1996785915942,13.840106557021,29.6079396562957,1.96826453938701
Argentina,ARG,2015,2.02956738894983,,49.4822602564899,15.4231944645654,26.2415750877847,1.89849403616245
Armenia,ARM,1990,0,0,16.406099208647,68.5871453387377,15.0067554526153,0
Armenia,ARM,1991,0,0,28.0580075662043,55.6956704497688,16.2463219840269,0
Armenia,ARM,1992,0,0,22.8787205686362,43.3140826299422,33.8071968014216,0
Armenia,ARM,1993,0,0,23.1294678316124,8.67355043685465,68.196981731533,0
Armenia,ARM,1994,0,0,26.6525273948392,11.2407211028632,62.1067515022976,0
Armenia,ARM,1995,0,5.46664269016364,52.3826649883115,7.64251033986693,34.508181981658,0
Armenia,ARM,1996,0,37.399420663019,35.2590923720631,2.04377212745414,25.2977148374638,0
Armenia,ARM,1997,0,26.6545032343672,49.9751202521148,0.315143473212805,23.0552330403052,0
Armenia,ARM,1998,0,25.6662897754805,49.5073493781295,0,24.8263608463899,0
Armenia,ARM,1999,0,36.3477348259577,42.6622354381669,0,20.9900297358755,0
Armenia,ARM,2000,0,33.6522322927157,45.1829472977509,0,21.1648204095334,0
Armenia,ARM,2001,0,34.5865970409051,48.5639686684073,0,16.8494342906876,0
Armenia,ARM,2002,0,41.348070302591,28.6102554810654,0,30.0416742163435,0
Armenia,ARM,2003,0,36.3206689692783,27.6495182694056,0,36.0298127613161,0
Armenia,ARM,2004,0,36.5008291873963,30.3648424543947,0,33.134328358209,0
Armenia,ARM,2005,0,42.9950926072503,28.9377869241729,0,28.0671204685769,0
Armenia,ARM,2006,0,44.4369634741626,24.8443023060091,0,30.7187342198283,0
Armenia,ARM,2007,0,43.2858596134283,25.2458460495083,0,31.4174296371651,0.0508646998982706
Armenia,ARM,2008,0,42.6516464471404,26.1698440207972,0,31.1438474870017,0.0346620450606586
Armenia,ARM,2009,0,43.9781343678364,20.3491447716452,0,35.6021865632164,0.0705342973020631
Armenia,ARM,2010,0,38.3608072716068,22.1537513480203,0,39.3775997535049,0.107841626867971
Armenia,ARM,2011,0,34.2934051144011,32.1668909825034,0,33.4993270524899,0.0403768506056528
Armenia,ARM,2012,0,28.7580886012942,42.297162767546,0,28.8949726231956,0.0497760079641613
Armenia,ARM,2013,0,30.609597924773,41.1543450064851,0,28.1841763942931,0.0518806744487678
Armenia,ARM,2014,0,31.8064516129032,42.4387096774194,0,25.7032258064516,0.0516129032258065
Armenia,ARM,2015,0,,35.9148608795999,0,28.2856776509809,0.0512886267470189
Australia,AUS,1960,74.4230500256422,0,0,5.52473308778964,18.6395636160194,1.41265327054874
Australia,AUS,1961,72.9985254575418,0,0,5.64663023679417,20.0407667620782,1.31407754358574
Australia,AUS,1962,75.5753798525398,0,0.0122204570450935,3.181392317406,20.0293290969082,1.20167827610086
Australia,AUS,1963,71.8578835901556,0,0.0182575038340758,2.92850361498576,24.0962535602132,1.09910173081136
Australia,AUS,1964,72.7075527509367,0,0.0230066390586998,3.83882206008019,22.4807730230724,0.949845526852034
Australia,AUS,1965,70.748035025851,0,0.0209198768715818,3.56235617584651,24.7840769851469,0.884611936284032
Australia,AUS,1966,75.7616188570158,0,0.022237046920169,3.79141649988881,19.6353124305092,0.789415165666
Australia,AUS,1967,75.6673432160933,0,0.0205534003031627,3.98479048377566,19.5822521388382,0.745060760989646
Australia,AUS,1968,76.7204635793305,0,0.0167616493462957,4.37239595804799,18.215123796753,0.675255016522197
Australia,AUS,1969,76.139627688732,0,0.019733812791896,4.86767382200101,18.3568311881948,0.616133488280308
Australia,AUS,1970,75.966464834653,0,0.866730118871631,4.63943622040866,17.9988254591847,0.528543366881999
Australia,AUS,1971,71.0321425205015,0,3.26892261287586,3.37072297106231,21.832406447356,0.495805448204355
Australia,AUS,1972,71.9266682258964,0,3.48128024755771,3.26718601011101,20.8211143695015,0.503751146933415
Australia,AUS,1973,74.8831721289842,0,4.27100961015975,2.60514508391424,17.7159180885252,0.524755088416575
Australia,AUS,1974,67.7829978592877,0,5.21816588365444,7.41778371621913,18.9646997974225,0.616352743416232
Australia,AUS,1975,68.8226260210114,0,4.00114163008467,6.55485940281874,19.9567811467946,0.664591799290558
Australia,AUS,1976,68.3644884281076,0,4.65362865221489,6.62765734631899,19.7206513771076,0.633574196250916
Australia,AUS,1977,72.4295949664796,0,5.00200031520118,6.11005370543237,15.9382690605792,0.520081952307636
Australia,AUS,1978,70.7485371937432,0,6.38855864046437,6.21022449122316,16.1806186912838,0.472060983285544
Australia,AUS,1979,69.8068245755326,0,6.87642730271505,5.90006950343656,16.9555288328939,0.46114978542193
Australia,AUS,1980,73.2532498897453,0,7.32511497994414,5.42768339038579,13.5896843564273,0.40426738349749
Australia,AUS,1981,71.1382670632436,0,9.30259862241703,5.39194583594239,13.7719160926738,0.395272385723231
Australia,AUS,1982,71.0677789164185,0,9.74112418951663,5.67553848658692,13.0213670711501,0.494191336327852
Australia,AUS,1983,73.1332391936844,0,9.47335500440687,5.48726745453339,11.4976733606907,0.40846498668461
Australia,AUS,1984,73.2081360309944,0,10.5745085378103,4.98278088678433,10.8390730377386,0.395501506672406
Australia,AUS,1985,74.6899548721377,0,9.61139896373057,3.90021728229985,11.4173491559418,0.381079725890022
Australia,AUS,1986,74.0640005104727,0,10.9943050393223,3.00780066042401,11.5669915612487,0.366902228532232
Australia,AUS,1987,76.540224903629,0,10.6361624962934,2.12814488720604,10.3381157668241,0.357351946047459
Australia,AUS,1988,76.722779007043,0,10.6425441450822,1.76724948298552,10.3388433337672,0.528584031122102
Australia,AUS,1989,77.2800206687426,0,10.2854190179628,2.05599597503433,9.82785113066181,0.550713207598483
Australia,AUS,1990,78.7350846150356,0,9.30668170357839,2.30220303719691,9.16992358397013,0.486107060218943
Australia,AUS,1991,80.350845811826,0,6.8814841314458,2.1694690039352,10.1069402565544,0.491260796238565
Australia,AUS,1992,81.1382175131657,0,7.31055892814499,1.48435830725337,9.64581526588992,0.421049985546045
Australia,AUS,1993,80.435688206033,0,7.53203950109045,1.48312872160553,10.1319561861354,0.417187385135632
Australia,AUS,1994,81.1203034055357,0,7.29740561946294,1.38781711920272,9.78351249334506,0.410961362453565
Australia,AUS,1995,80.1614536616417,0,8.62995862388241,1.5844448945343,9.19244234831168,0.431700471629872
Australia,AUS,1996,82.1678183613031,0,7.02016640812297,1.58228740657171,8.69158087716824,0.538146946834015
Australia,AUS,1997,82.9637621235604,0,6.25742747769703,1.19113467215045,9.04276584209114,0.54490988450101
Australia,AUS,1998,84.000020510822,0,6.63217430096555,0.933755172572929,7.88794937929125,0.546100636348253
Australia,AUS,1999,82.7488496122813,0,7.85799525603186,0.849101543508474,7.95719624607739,0.586857342100998
Australia,AUS,2000,83.0275797659437,0,7.74072732817444,0.850074333854306,7.79552472077155,0.586093851256052
Australia,AUS,2001,83.288966178405,0,7.70115711323657,0.911421755512452,7.38545916661093,0.712995786235034
Australia,AUS,2002,77.1086032949538,0,13.9547361662078,1.07574171643695,6.98264563854023,0.878273183861236
Australia,AUS,2003,77.4890518890591,0,13.3172549481835,0.752994297008876,7.37762142656379,1.06307743918472
Australia,AUS,2004,77.6563999421593,0,13.548307940389,0.608641926621183,7.05919469968845,1.12745549114205
Australia,AUS,2005,79.5280866400697,0,10.4240476117488,1.24415910872488,6.70427025535698,2.09943638409964
Australia,AUS,2006,79.6216167440821,0,9.76508956846434,1.31398591482724,6.84321114438806,2.45609662823824
Australia,AUS,2007,77.0535725309595,0,13.1077171278176,1.19063787405496,5.90133303701143,2.74673943015652
Australia,AUS,2008,75.8348315115212,0,14.3804536085867,1.66945732352009,4.89935122370646,3.2159063326655
Australia,AUS,2009,74.8999375239324,0,16.1518773050646,1.45025091194905,4.75704871117919,2.74088554787481
Australia,AUS,2010,71.3276416875453,0,17.6468725633384,2.41360612069614,5.3441308366086,3.26774879181163
Australia,AUS,2011,67.9882791730831,0,19.2972229989721,2.28784554974853,6.59926666062771,3.82738561756864
Australia,AUS,2012,68.554964397789,0,19.3430715070806,1.50931073482326,5.58564442391322,5.0070089363939
Australia,AUS,2013,63.7153925350832,0,20.4526061509248,2.56789292567532,7.2794356244066,5.98467276391009
Australia,AUS,2014,61.1643250733091,0,21.9097412431927,2.01922147391487,7.40582605613379,7.50088615344955
Australia,AUS,2015,62.8716168006469,0,20.7954779685741,2.6950641361049,5.29618354500626,8.34165754966783
Austria,AUT,1960,13.8647843543582,0,8.29555757026292,4.28053360963606,73.5591244657428,0
Austria,AUT,1961,17.3759742669801,0,7.92403810466411,5.4064085116912,69.2935791166646,0
Austria,AUT,1962,16.6647358665431,0,7.92400370713624,8.31209453197405,67.0991658943466,0
Austria,AUT,1963,17.7020895187945,0,8.0779788247157,10.5484286594589,63.671502997031,0
Austria,AUT,1964,16.8425814234017,0,7.35323683152392,11.9119420989144,63.89223964616,0
Austria,AUT,1965,12.0446641039722,0,6.12300933552993,10.012813472451,71.8195130880469,0
Austria,AUT,1966,12.4665278191015,0,7.28099630212097,7.8208016321673,72.4316742466103,0
Austria,AUT,1967,12.5497347480106,0,6.44893899204244,8.93567639257294,72.065649867374,0
Austria,AUT,1968,13.0179381036862,0,6.81647940074906,9.84821604573231,70.3173664498324,0
Austria,AUT,1969,15.5863185902132,0,10.1877916168588,11.3523310068253,62.8735587861026,0
Austria,AUT,1970,9.7237269772481,0,12.4187432286024,7.02871072589382,70.2193932827736,0.609425785482124
Austria,AUT,1971,13.119636905184,0,16.2506205233671,12.3005460605631,57.5030139706404,0.826182540245373
Austria,AUT,1972,11.5367329299914,0,15.104580812446,14.6343993085566,57.9948141745895,0.729472774416595
Austria,AUT,1973,10.315047224738,0,14.3194462414284,14.0639151248544,60.6482080476129,0.653383361366283
Austria,AUT,1974,10.0434066756474,0,13.7105223768897,9.19024098188894,66.4182008681335,0.637629097440503
Austria,AUT,1975,8.00961841238943,0,13.0106203303467,11.1613660435691,67.1943434574757,0.624051756219048
Austria,AUT,1976,10.4466900155021,0,15.8982603203766,15.4561635184016,57.4697134983062,0.729172647413447
Austria,AUT,1977,6.65720102871839,0,15.0235747963995,11.9133090441492,65.6745606515216,0.731354479211316
Austria,AUT,1978,6.64861852058285,0,14.3615468322849,13.1618759455371,65.0264086843432,0.801550017251904
Austria,AUT,1979,5.91337662014578,0,11.9536283802274,12.6501977759534,68.6593526880115,0.823444535661865
Austria,AUT,1980,7.02163461538462,0,9.19230769230769,13.9567307692308,69.0504807692308,0.778846153846154
Austria,AUT,1981,10.3228708043365,0,7.95341570799602,7.49893481039625,73.0175637930218,1.18354400416607
Austria,AUT,1982,9.01621877589677,0,9.80939978690659,6.85923996685214,73.1525985557002,1.12465964247662
Austria,AUT,1983,10.0709997140951,0,8.15067187648909,7.43114457257219,72.9200419327171,1.33184027446869
Austria,AUT,1984,11.3049948395459,0,11.2425893478626,6.17094304298778,69.2916976693949,1.93217003096272
Austria,AUT,1985,10.9277124959993,0,11.3506469754469,4.78716108088336,70.7306478898999,2.1352475881304
Austria,AUT,1986,9.34352047661278,0,11.5833276485436,5.32323714669032,70.7574413898174,2.90606453373354
Austria,AUT,1987,9.92191273546933,0,11.3991305747867,4.26259861535985,72.5144904202222,1.81532764450169
Austria,AUT,1988,8.27223826040001,0,11.8652516147791,3.2150200419531,74.3649920039876,2.17449998961557
Austria,AUT,1989,9.76502898992981,0,13.2987488556607,2.82778964500051,71.7872037432611,2.24595666768386
Austria,AUT,1990,14.2121064589419,0,15.6625283998702,3.81369685167154,63.917964946446,2.28416098669263
Austria,AUT,1991,15.5158326856778,0,14.8801339152269,4.44391303481397,62.659173790877,2.40330005380522
Austria,AUT,1992,10.1944372134003,0,13.292216504135,3.98285908808747,69.7811329822383,2.61519053244959
Austria,AUT,1993,7.28037219442876,0,13.2175741176929,5.31622900079812,71.4527651787974,2.6143154698176
Austria,AUT,1994,7.49937633129282,0,16.585749649786,4.99894456064938,68.5229606033275,2.27974899733262
Austria,AUT,1995,9.37511326978144,0,16.1513646743267,3.83667403675378,67.1771358149987,3.32922541592664
Austria,AUT,1996,11.6007764960615,0,17.5551573524471,3.60062716989585,63.8668010602158,2.93799230970247
Austria,AUT,1997,12.3139085929784,0,15.2033761336087,4.29379545658615,64.8379276286253,3.07802819430726
Austria,AUT,1998,9.17903773922375,0,15.8594169200501,4.98121981756394,66.4693257020211,3.34108388481488
Austria,AUT,1999,9.10441284464918,0,15.5050403898792,4.43454169170172,67.9267641364577,2.75218639428533
Austria,AUT,2000,11.255302802552,0,13.1125363262852,2.84263620269232,69.8734008083642,2.6706082773825
Austria,AUT,2001,13.1544041790165,0,14.3219742250315,2.97705798549135,66.2469091325921,2.90991861398136
Austria,AUT,2002,12.8768161302013,0,15.3279741705927,2.38526669521958,66.2652785556617,2.74766909366455
Austria,AUT,2003,16.3726182074806,0,19.2161385269463,3.20326350758215,57.1716267621392,3.61120195535054
Austria,AUT,2004,14.7042680958223,0,17.6809582230258,2.93794795635049,59.3433202040421,4.85891392781042
Austria,AUT,2005,13.159241397491,0,20.2040721385706,2.5446989315676,57.5232217346132,6.10355575542357
Austria,AUT,2006,14.0481006967858,0,17.1290498667437,2.63462094210577,57.2456089650965,8.26991619304499
Austria,AUT,2007,12.8568028560095,0,15.7128123760413,2.04046013486712,58.7925426418088,9.89448631495438
Austria,AUT,2008,10.7719010057494,0,17.3270932448976,1.92781540082753,59.3996497698709,9.83123866788576
Austria,AUT,2009,7.59243621448821,0,18.6124012304723,1.71301043488751,61.6683756559503,9.4713191386694
Austria,AUT,2010,9.8684016839874,0,21.1249153590249,1.87534960402744,56.470986545765,9.74033620867312
Austria,AUT,2011,11.7789696813977,0,19.9736639260021,1.62834018499486,54.989401336074,10.6420220966084
Austria,AUT,2012,9.08746907291515,0,14.1333139281036,1.08135642555669,63.753456556542,10.7757240576335
Austria,AUT,2013,9.4562354763749,0,10.3020914020139,1.07668474051123,65.132455460883,12.8923315259489
Austria,AUT,2014,7.97033238119969,0,8.77207218904181,0.978641911191898,66.5573876915087,14.4994806543755
Austria,AUT,2015,8.22660816346356,0,12.6013956575944,1.39403850201577,59.9970856337937,16.493693635348
Azerbaijan,AZE,1990,0,0,58.422598479613,34.4160331720802,7.16136834830684,0
Azerbaijan,AZE,1991,0,0,54.5586353944563,37.9445628997868,7.49680170575693,0
Azerbaijan,AZE,1992,0,0,33.1579213682133,58.0023275818449,8.83975104994181,0
Azerbaijan,AZE,1993,0,0,26.948716602803,60.3170437247389,12.7342396724581,0
Azerbaijan,AZE,1994,0,0,18.3199590233908,71.2708440043253,10.4091969722839,0
Azerbaijan,AZE,1995,0,0,18.5813189392161,72.2893686927951,9.12931236798874,0
Azerbaijan,AZE,1996,0,0,18.5813776555276,72.4176274360625,9.0009949084099,0
Azerbaijan,AZE,1997,0,0,18.5317177476835,71.2995961035875,10.1686861487289,0
Azerbaijan,AZE,1998,0,0,19.7410823424825,69.4188243138126,10.8400933437049,0
Azerbaijan,AZE,1999,0,0,19.5587588028169,72.1555897887324,8.2856514084507,0
Azerbaijan,AZE,2000,0,0,19.8459810685063,71.9503716776298,8.20364725386384,0
Azerbaijan,AZE,2001,0,0,59.388508170796,33.7532946758039,6.85819715340011,0
Azerbaijan,AZE,2002,0,0,58.2268327896904,30.9716057964815,10.8015614138281,0
Azerbaijan,AZE,2003,0,0,52.7060039462558,35.6948228882834,11.5991731654609,0
Azerbaijan,AZE,2004,0,0,59.0599705665931,28.2698675496689,12.670161883738,0
Azerbaijan,AZE,2005,0,0,61.17086393844,25.6733123469745,13.1558237145855,0
Azerbaijan,AZE,2006,0,0,64.8453734262315,24.8950821008027,10.2595444729658,0
Azerbaijan,AZE,2007,0,0,70.9067606536367,18.2725316977159,10.8207076486474,0
Azerbaijan,AZE,2008,0,0,81.735434089544,7.95176269463568,10.3128032158204,0
Azerbaijan,AZE,2009,0,0,85.122959508162,2.63408946364215,12.2323510705957,0.0105999576001696
Azerbaijan,AZE,2010,0,0,81.4537680384821,0.122928915018707,18.4179583110636,0.00534473543559594
Azerbaijan,AZE,2011,0,0,85.1483197004041,1.66551690154726,13.1861633980487,0
Azerbaijan,AZE,2012,0,0,89.8903775883069,2.18809813815904,7.92152427353402,0
Azerbaijan,AZE,2013,0,0,92.9648026034084,0.0770745910764751,6.37578145071508,0.295452599126488
Azerbaijan,AZE,2014,0,0,93.8612099644128,0.157715949530896,5.25719831769654,0.372047880944678
Azerbaijan,AZE,2015,0,,86.0823071937783,6.50923525599482,6.63075178224238,0.409105638366818
Bahrain,BHR,1971,0,0,100,0,0,0
Bahrain,BHR,1972,0,0,100,0,0,0
Bahrain,BHR,1973,0,0,100,0,0,0
Bahrain,BHR,1974,0,0,100,0,0,0
Bahrain,BHR,1975,0,0,100,0,0,0
Bahrain,BHR,1976,0,0,100,0,0,0
Bahrain,BHR,1977,0,0,100,0,0,0
Bahrain,BHR,1978,0,0,100,0,0,0
Bahrain,BHR,1979,0,0,100,0,0,0
Bahrain,BHR,1980,0,0,100,0,0,0
Bahrain,BHR,1981,0,0,100,0,0,0
Bahrain,BHR,1982,0,0,100,0,0,0
Bahrain,BHR,1983,0,0,100,0,0,0
Bahrain,BHR,1984,0,0,100,0,0,0
Bahrain,BHR,1985,0,0,100,0,0,0
Bahrain,BHR,1986,0,0,100,0,0,0
Bahrain,BHR,1987,0,0,100,0,0,0
Bahrain,BHR,1988,0,0,100,0,0,0
Bahrain,BHR,1989,0,0,100,0,0,0
Bahrain,BHR,1990,0,0,100,0,0,0
Bahrain,BHR,1991,0,0,100,0,0,0
Bahrain,BHR,1992,0,0,100,0,0,0
Bahrain,BHR,1993,0,0,100,0,0,0
Bahrain,BHR,1994,0,0,100,0,0,0
Bahrain,BHR,1995,0,0,100,0,0,0
Bahrain,BHR,1996,0,0,100,0,0,0
Bahrain,BHR,1997,0,0,100,0,0,0
Bahrain,BHR,1998,0,0,100,0,0,0
Bahrain,BHR,1999,0,0,100,0,0,0
Bahrain,BHR,2000,0,0,100,0,0,0
Bahrain,BHR,2001,0,0,100,0,0,0
Bahrain,BHR,2002,0,0,100,0,0,0
Bahrain,BHR,2003,0,0,100,0,0,0
Bahrain,BHR,2004,0,0,100,0,0,0
Bahrain,BHR,2005,0,0,100,0,0,0
Bahrain,BHR,2006,0,0,97.5572664195419,2.44273358045813,0,0
Bahrain,BHR,2007,0,0,98.8355502370323,1.16444976296774,0,0
Bahrain,BHR,2008,0,0,99.978093235191,0.021906764808973,0,0
Bahrain,BHR,2009,0,0,100,0,0,0
Bahrain,BHR,2010,0,0,100,0,0,0
Bahrain,BHR,2011,0,0,100,0,0,0
Bahrain,BHR,2012,0,0,100,0,0,0
Bahrain,BHR,2013,0,0,99.972989658898,0.0270103411020219,0,0
Bahrain,BHR,2014,0,0,99.974314754339,0.0256852456610281,0,0
Bahrain,BHR,2015,0,,99.9684033141413,0.0315966858587277,0,0
Bangladesh,BGD,1971,0,0,39.9029126213592,43.1067961165049,16.9902912621359,0
Bangladesh,BGD,1972,0,0,39.9029126213592,43.1067961165049,16.9902912621359,0
Bangladesh,BGD,1973,0,0,34.6866096866097,41.7378917378917,23.5754985754986,0
Bangladesh,BGD,1974,0,0,48.3537766300839,35.9586830213041,15.687540348612,0
Bangladesh,BGD,1975,0,0,40.5654578979717,32.6367547633682,26.7977873386601,0
Bangladesh,BGD,1976,0,0,39.287733182589,32.7868852459016,27.9253815715093,0
Bangladesh,BGD,1977,0,0,46.535677352637,30.8686659772492,22.5956566701138,0
Bangladesh,BGD,1978,0,0,43.3528616493916,33.8440739071654,22.803064443443,0
Bangladesh,BGD,1979,0,0,45.6286427976686,29.9333888426311,24.4379683597002,0
Bangladesh,BGD,1980,0,0,48.6187845303867,26.6043348916277,24.7768805779856,0
Bangladesh,BGD,1981,0,0,50.4507888805409,26.0706235912847,23.4785875281743,0
Bangladesh,BGD,1982,0,0,57.9051383399209,24.8682476943346,17.2266139657444,0
Bangladesh,BGD,1983,0,0,62.3070200990387,18.4095543256627,19.2834255752986,0
Bangladesh,BGD,1984,0,0,58.8502269288956,18.5325264750378,22.6172465960666,0
Bangladesh,BGD,1985,0,0,64.2446996466431,19.434628975265,16.3206713780919,0
Bangladesh,BGD,1986,0,0,63.1666666666667,27.4583333333333,9.375,0
Bangladesh,BGD,1987,0,0,75.6935743690711,15.0528011455164,9.25362448541257,0
Bangladesh,BGD,1988,0,0,77.5875248432961,12.0929521479896,10.3195230087143,0
Bangladesh,BGD,1989,0,0,78.8756148981026,8.1939564300773,12.9304286718201,0
Bangladesh,BGD,1990,0,0,84.2602172788412,4.3067770305225,11.4330056906363,0
Bangladesh,BGD,1991,0,0,88.1015719467956,1.76541717049577,10.1330108827086,0
Bangladesh,BGD,1992,0,0,86.5977063188667,4.45243984708792,8.94985383404542,0
Bangladesh,BGD,1993,0,0,86.6065609385184,6.78905061916142,6.60438844232023,0
Bangladesh,BGD,1994,0,0,84.6381847914963,6.70482420278005,8.65699100572363,0
Bangladesh,BGD,1995,0,0,88.0251712011845,8.53229687210809,3.44253192670738,0
Bangladesh,BGD,1996,0,0,87.1012724420429,6.45807913543664,6.44064842252048,0
Bangladesh,BGD,1997,0,0,84.5083487940631,9.42823410355878,6.06341710237814,0
Bangladesh,BGD,1998,0,0,84.5831392640894,8.70206489675516,6.71479583915541,0
Bangladesh,BGD,1999,0,0,84.9688581314879,9.26643598615917,5.76470588235294,0
Bangladesh,BGD,2000,0,0,88.7832096886691,6.46756705345254,4.74922325787838,0
Bangladesh,BGD,2001,0,0,87.5517479300828,6.73873045078197,5.70952161913524,0
Bangladesh,BGD,2002,0,0,89.2472542191267,6.73988748995446,4.01285829091883,0
Bangladesh,BGD,2003,0,0,89.4581980519481,6.74208603896104,3.79971590909091,0
Bangladesh,BGD,2004,0,0,91.1031884292833,5.86233440019447,3.03447717052222,0
Bangladesh,BGD,2005,0.616326993609861,0,90.7815631262525,5.77003062729232,2.83207925284531,0
Bangladesh,BGD,2006,0.934611086654702,0,90.9755849784972,5.55348616707866,2.53631776776946,0
Bangladesh,BGD,2007,2.38993710691824,0,89.895178197065,5.2991452991453,2.41573939687147,0
Bangladesh,BGD,2008,3.21468233093693,0,89.8123794494126,4.19662166111403,2.77631655853644,0
Bangladesh,BGD,2009,2.93729994351346,0,91.6157839524437,4.32525486187697,1.12166124216586,0
Bangladesh,BGD,2010,1.89262074037754,0,92.696739396911,3.62343711694043,1.78720274577102,0
Bangladesh,BGD,2011,1.87303241002876,0,86.660023101488,9.49199374900913,1.9749507394741,0
Bangladesh,BGD,2012,1.92743297228285,0,84.1357439973642,12.3368065565669,1.60001647378609,0
Bangladesh,BGD,2013,2.30609939759036,0,83.1494728915663,12.5978915662651,1.68298192771084,0.26355421686747
Bangladesh,BGD,2014,1.9697376667562,0,82.0109230906975,14.6996150058197,1.0529143164115,0.266809920315158
Bangladesh,BGD,2015,1.6895155140567,,80.7035976343394,16.3799969497212,0.959143210587856,0.267746691294843
Belarus,BLR,1990,0,0,52.1353033446339,47.814097050043,0.0505996053230785,0
Belarus,BLR,1991,0,0,51.8781463792436,48.0753840196205,0.0464696011359236,0
Belarus,BLR,1992,0,0,68.9799175422264,30.9748636786807,0.0452187790929645,0
Belarus,BLR,1993,0,0,71.9500134855704,27.99304743924,0.0569390751895472,0
Belarus,BLR,1994,0,0,72.006879638182,27.9326050259579,0.060515335860114,0
Belarus,BLR,1995,0,0,71.831607673168,28.0881290633277,0.0802632635042941,0
Belarus,BLR,1996,0,0,80.3818273769386,19.5507417397168,0.0674308833445718,0
Belarus,BLR,1997,0,0,86.5180181908892,13.4013892620025,0.0805925471082626,0
